"precip" <- 
list("x" = matrix(c(-110.53, -109.87, -109.53, -109.55, -110.97, -109.23, -109.62, -110.62, 
	-109.17
	, -110.43000000000001, -109.05, -110.73, -105.84999999999999, -105.53,
	-108.53, -107.88, -105.88, -107.42, -103.09999999999999, -109.02, 
	-106.83
	, -104.59999999999999, -105.48, -105.52, -106.68000000000001, 
	-107.90000000000001, -102.18000000000001, -105.27, -102.45, -103.88,
	-106.03, -104.33, -106.13, -102.27, -104.45, -104.22, -105.27, -105.52,
	-104.87, -107.93000000000001, -106.12, -105.28, -104.84999999999999,
	-102.34999999999999, -106.2, -106.77, -108.73, -104.7, 
	-108.56999999999999, -106.97, -104.02, -106.34999999999999, 
	-108.06999999999999, -104.88, -105., -106.05, -103.88, -108.5, -107.88,
	-102.77, -104.56999999999999, -104.55, -104.67, -104.55, -104.58, 
	-104.5
	, -104.56999999999999, -104.56999999999999, -104.62, -107.8, -105.52,
	-105.31999999999999, -102.06999999999999, -106., -103.06999999999999,
	-102.83, -103.68000000000001, -105.08, -108.05, -104.72, -104.7, 
	-104.03
	, -105.83, -108.73, -105.18000000000001, -108.93000000000001, -103.5,
	-105.7, -107.31999999999999, -106.47, -108.53, -108.58, -105.83, 
	-105.84999999999999
	, -105.53, -104.68000000000001, -106.33, -104.42, -105.38, 
	-106.93000000000001, -107.62, -105.8, -103.15000000000001, -105.28,
	-107.25, -107.12, -102.12, -102.3, -106.13, -105.52, -102.28, -107.63,
	-102.93000000000001, -105.84999999999999, -102.25, -103.52, 
	-105.09999999999999, -103.90000000000001, -104.47, -104.52, -102.78,
	-107.31999999999999, -105.48, -104.98, -105.13, -102.62, -103.22, -105.
	, -106.3, -103.02, -104.58, -103.73, -103.68000000000001, -108.88,
	-108.2, -105.06999999999999, -108.28, -107.55, -108.08, 
	-107.90000000000001, -108.5, -106.15000000000001, -107.88, -107.88,
	-104.92, -109.03, -108.28, -103.75, -102.84999999999999, 
	-107.68000000000001, -107.02, -108.34999999999999, -107.18000000000001,
	-107.58, -108.95, -104.65000000000001, -106.18000000000001, 
	-105.06999999999999, -106.53, -108.06999999999999, -104.5, 
	-104.65000000000001, -104.34999999999999, -107.09999999999999, -108.8,
	-108.03, -107.78, -103.7, -104.08, -104.98, -104.93000000000001, 
	-106.02
	, -107.17, -106.43000000000001, -102.52, -107.23, -107.67, -106.42,
	-102.59999999999999, -102.7, -102.62, -106.83, -103.2, 
	-102.06999999999999, -102.58, -106.37, -104.12, -106.62, 
	-107.81999999999999, -104.5, -104.33, -103.2, -106.31999999999999,
	-102.38, -108.73, -107.58, -102.73, -106.83, -106.27, -104.8, -105.2,
	-105.48, -105.08, -104.18000000000001, -104.90000000000001, -105.77,
	-106.78, -106.87, -102.22, -106.90000000000001, -108.73, -102.73, 
	-100.81999999999999
	, -99.549999999999997, -99.780000000000001, -101.05, 
	-99.200000000000003, -101.38, -99.629999999999995, -99.519999999999996,
	-99.730000000000004, -100.34999999999999, -101.06999999999999, 
	-99.329999999999998, -100.12, -101.2, -99.730000000000004, 
	-99.969999999999999, -100.42, -100.88, -101.90000000000001, 
	-99.569999999999993, -100.17, -100.81999999999999, -100.81999999999999,
	-101.7, -100.48, -99.299999999999997, -99.329999999999998, -100.62,
	-99.829999999999998, -99.730000000000004, -100.45, -101.34999999999999,
	-100.65000000000001, -100.48, -99.900000000000006, -100.08, 
	-99.400000000000006, -99.120000000000005, -101.27, -99.099999999999994,
	-100., -101.37, -101.37, -100.92, -99.569999999999993, 
	-99.530000000000001, -99.180000000000007, -100.2, -99.569999999999993,
	-101.38, -100.33, -100.87, -100.02, -99.030000000000001, 
	-99.900000000000006, -100.18000000000001, -99.930000000000007, 
	-99.879999999999995, -99.849999999999994, -100.84999999999999, -100.52,
	-99.569999999999993, -99.319999999999993, -100.58, -99.299999999999997,
	-100.23, -99.920000000000002, -100.73, -101.77, -101.95, 
	-101.18000000000001, -101.8, -101.92, -100.08, -100.90000000000001,
	-100.87, -101.75, -99.269999999999996, -100.83, -101.77, -101.77, 
	-99.069999999999993
	, -101.34999999999999, -100.17, -99.879999999999995, 
	-99.829999999999998, -99.420000000000002, -101.25, -103.78, 
	-99.870000000000005, -102.87, -99.370000000000005, -99.870000000000005,
	-99.129999999999995, -100.18000000000001, -101.68000000000001, 
	-99.469999999999999, -99.829999999999998, -101.53, -99.629999999999995,
	-102.08, -102.95, -99.870000000000005, -103.09999999999999, 
	-99.629999999999995, -99.150000000000006, -100.17, -99.700000000000003,
	-103.08, -99.25, -102.43000000000001, -100.83, -100.5, -102.97, -100.02,
	-102.28, -102.15000000000001, -102.2, -99.920000000000002, -101.52,
	-100.08, -103.47, -100.17, -101.93000000000001, -100.31999999999999,
	-99.219999999999999, -103.88, -103.88, -100.97, -102.68000000000001,
	-102.7, -101., -99.379999999999995, -99.379999999999995, -101.8, 
	-101.63
	, -101.62, -99.079999999999998, -103.67, -101.67, -101.98, 
	-99.769999999999996, -102.63, -104.03, -101.55, -99.319999999999993,
	-100.62, -100.22, -101.68000000000001, -103.68000000000001, 
	-100.40000000000001, -101.05, -101.33, -99.129999999999995, -101.17,
	-99.329999999999998, -100.7, -100.75, -99.829999999999998, -101.72,
	-99.5, -102.43000000000001, -101.12, -101.34999999999999, 
	-103.31999999999999, -99.299999999999997, -99.469999999999999, -102.47,
	-100.73, -103.59999999999999, -102.98, -103.03, -99.730000000000004,
	-100.52, -100.38, -101.23, -99.379999999999995, -101.02, -100.97, 
	-100.68000000000001
	, -100.55, -101.17, -101.38, -100.73, -101.47, -101.43000000000001,
	-100.12, -104.33, -106.43000000000001, -106.62, -106.06999999999999,
	-103.17, -108., -106.27, -106.31999999999999, -104.09999999999999,
	-106.56999999999999, -105.25, -107.97, -103.68000000000001, -106.45,
	-104., -105.59999999999999, -107.97, -105.38, -106.58, -104.92, 
	-103.15000000000001, -105.67, -104.18000000000001, -108.15000000000001,
	-104.17, -103.83, -107., -105.27, -108.34999999999999, 
	-106.18000000000001, -106.73, -106.08, -108.23, -108.2, -107.67, 
	-108.53
	, -108.40000000000001, -108.75, -105.43000000000001, -106.97, -106.38,
	-105.77, -106.22, -107.90000000000001, -103.62, -103.22, -106.53, 
	-106.68000000000001
	, -107.08, -107.40000000000001, -104.37, -105.22, -105.15000000000001,
	-107.56999999999999, -107.3, -104.58, -108.45, -108.83, -105.98, 
	-103.12
	, -107.62, -108.7, -104.27, -103.2, -105.05, -106.03, -107.87, -103.73,
	-105.68000000000001, -106.33, -105.68000000000001, -108.02, -106.67,
	-103.28, -104.43000000000001, -104.5, -105.40000000000001, -106.95,
	-105.47, -104.2, -107.62, -103.34999999999999, -106.45, -106.37, 
	-106.38
	, -105.95, -108.56999999999999, -108.73, -106.03, -104.59999999999999,
	-105.97, -107.47, -105.56999999999999, -106.58, -108.77, 
	-107.18000000000001, -105.97, -103.59999999999999, -103.68000000000001,
	-106.06999999999999, -104.93000000000001, -106.77, -108.78, 
	-99.769999999999996, -100.52, -102.5, -99.629999999999995, 
	-99.280000000000001, -99.670000000000002, -99.379999999999995, 
	-99.870000000000005, -99.620000000000005, -99.579999999999998, 
	-99.120000000000005, -99.769999999999996, -100.05, -101.62, -101.48,
	-99.379999999999995, -99.079999999999998, -101.22, -102.97, 
	-99.349999999999994, -99.5, -99.170000000000002, -102.73, 
	-99.920000000000002, -99.629999999999995, -99.549999999999997, 
	-99.280000000000001, -99.379999999999995, -99.400000000000006, 
	-99.079999999999998, -103.43000000000001, -103.65000000000001, 
	-103.81999999999999, -99.980000000000004, -103.31999999999999, 
	-103.81999999999999, -101.02, -103.77, -99.329999999999998, 
	-103.59999999999999, -103.72, -103.90000000000001, -103.8, -101.52,
	-102.53, -102.90000000000001, -103.47, -100.45, -99.430000000000007,
	-99.430000000000007, -101.27, -100.93000000000001, -101.12, 
	-102.90000000000001, -103.18000000000001, -99.469999999999999, 
	-99.450000000000003, -101.87, -103.58, -100.87, -103.47, -101.95, 
	-101.52
	, -102.17, -103.77, -101.5, -102.47, -102.33, -101.73, 
	-101.15000000000001, -101.65000000000001, -100.59999999999999, -103.48,
