"RMprecip" <-
structure(list(x = structure(c(-110.53, -111.53, -111.42, -109.53, 
-111.53, -111.42, -111.73, -109.55, -110.2, -109.7, -111.6, -110.97, 
-109.23, -109.62, -110.62, -111.45, -109.17, -109.1, -111.25, 
-111.48, -111.52, -109.05, -110.73, -111.37, -103.17, -105.85, 
-105.53, -108.53, -107.88, -105.88, -103.1, -106.83, -104.6, 
-105.48, -105.52, -106.68, -107.9, -102.18, -105.27, -102.45, 
-103.88, -106.03, -104.33, -106.13, -104.45, -104.22, -105.23, 
-104.87, -107.93, -106.12, -105.28, -104.85, -102.35, -107.52, 
-106.2, -106.77, -107.97, -108.73, -104.7, -108.57, -106.97, 
-104.02, -106.35, -108.07, -104.88, -105, -106.03, -108.5, -107.88, 
-102.78, -106.83, -104.57, -104.55, -107.8, -105.52, -105.32, 
-102.07, -106, -103.07, -102.83, -103.68, -105.08, -108.05, -104.72, 
-103.8, -104.7, -104.03, -105.83, -108.75, -105.18, -108.93, 
-103.5, -105.7, -107.32, -108.53, -108.58, -105.83, -105.85, 
-105.53, -104.68, -106.33, -104.42, -105.38, -106.97, -107.62, 
-105.8, -103.15, -105.28, -107.25, -107.13, -102.12, -102.3, 
-106.13, -105.52, -107.63, -102.93, -105.85, -102.25, -103.52, 
-105.1, -103.9, -102.78, -103.52, -107.32, -105.48, -104.98, 
-105.13, -102.62, -103.22, -106.3, -103.02, -104.58, -103.73, 
-103.68, -108.2, -105.07, -108.28, -107.55, -108.08, -107.9, 
-108.5, -106.15, -107.88, -104.92, -109.03, -105.05, -108.28, 
-103.75, -102.85, -107.68, -107.02, -108.35, -107.18, -107.58, 
-108.95, -104.65, -106.18, -105.07, -106.53, -108.07, -104.5, 
-104.65, -104.35, -107.1, -108.8, -105.6, -108.03, -107.78, -103.7, 
-104.08, -104.98, -104.93, -106.13, -106.02, -106.43, -104.97, 
-102.52, -107.67, -106.42, -102.6, -102.7, -102.62, -106.83, 
-103.2, -106.37, -107.78, -104.12, -106.62, -107.87, -104.48, 
-104.33, -103.2, -106.32, -102.38, -108.73, -107.58, -102.73, 
-106.83, -106.27, -104.8, -105.2, -105.48, -105.08, -104.9, -105.77, 
-106.78, -106.87, -102.23, -106.9, -108.73, -102.73, -111.45, 
-111.72, -111.55, -111.73, -111.92, -111.78, -111.4, -111.88, 
-111.3, -111.3, -111.23, -111.87, -111.67, -111.75, -111.37, 
-104.28, -111.37, -104.27, -108.13, -109.38, -111.15, -104.33, 
-105.33, -110.12, -109.95, -108.55, -108.53, -106.48, -105.02, 
-111.05, -110.88, -111.37, -106.22, -105.3, -108.9, -105.4, -108.88, 
-105.75, -107.3, -106.95, -104.25, -111.72, -111.58, -110.95, 
-109.23, -105.57, -109.07, -106.6, -109.25, -111.97, -107.45, 
-104.52, -107.52, -106.83, -109.95, -108.25, -111.57, -108.72, 
-104.53, -110.72, -111.72, -111.98, -109.52, -108.32, -107.47, 
-106.62, -109.8, -110.67, -111.2, -106.4, -106.03, -111.37, -111.25, 
-110.7, -110.27, -109.47, -110.3, -106.83, -106.62, -104.72, 
-111.4, -108.8, -111.37, -107.43, -107.6, -108.78, -109.83, -109.77, 
-106.7, -108.7, -111.33, -110.67, -110.43, -107.08, -109.87, 
-108.8, -108.25, -107.22, -107.1, -109.75, -107.22, -110.65, 
-108.97, -110.77, -106.9, -109.75, -110.7, -106.98, -104.05, 
-110.08, -111.8, -104.6, -106.65, -108.78, -110.6, -109.42, -109.45, 
-105.15, -110.57, -110.57, -110.53, -110.2, -107.82, -105.93, 
-104.73, -107.87, -107.73, -108, -111.33, -110.32, -104.45, -107.87, 
-110.05, -111.13, -104.95, -104.97, -105.83, -105.87, -109.95, 
-105.82, -107.85, -107.95, -109.75, -104.13, -111.65, -111.63, 
-106.38, -106.32, -106.25, -108.2, -104.55, -104.5, -111.9, -105.15, 
-105.1, -111.6, -108.53, -109.25, -104.58, -110.73, -109.25, 
-104.95, -105.07, -106.23, -109.78, -108.57, -108.83, -110.58, 
-109.38, -107.53, -104.35, -105.42, -111.87, -110.58, -104.13, 
-110.27, -105.82, -110.25, -110.2, -111.73, -111.77, -111.95, 
-107.6, -105.32, -105.6, -106.92, -111.08, -111.47, -111.52, 
-111.48, -108.4, -111.43, -110.3, -105.48, -111.95, -105.67, 
-104.05, -111.1, -110.92, -110.88, -110.87, -107.63, -104.15, 
-110.67, -110.5, -109.38, -105.53, -107.38, -107.92, -103.78, 
-102.9, -102.08, -102.95, -103.1, -103.08, -102.43, -102.97, 
-102.28, -102.15, -102.2, -103.47, -103.88, -103.88, -102.68, 
-102.7, -103.67, -102.63, -104.03, -103.68, -102.33, -102.43, 
-103.32, -102.47, -103.6, -102.98, -103.03, -104.33, -106.43, 
-106.07, -108, -104.1, -106.57, -105.25, -105.6, -107.97, -105.38, 
-106.58, -104.95, -103.15, -106.97, -104.17, -105.05, -107, -105.27, 
-106.73, -106.08, -108.23, -108.2, -108.4, -108.75, -105.43, 
-106.38, -105.77, -107.9, -106.68, -107.4, -105.22, -105.15, 
-105.2, -106.3, -107.57, -107.3, -104.58, -108.45, -103.12, -107.62, 
-108.7, -105.05, -106.03, -107.87, -108.02, -106.67, -104.43, 
-104.5, -105.4, -105.47, -107.62, -103.33, -106.45, -106.37, 
-106.38, -105.95, -108.73, -106.03, -104.58, -105.97, -105.57, 
-108.13, -106.58, -107.18, -103.6, -103.68, -105.37, -106.77, 
-108.78, -103.63, -103.47, -103.32, -103.98, -103.18, -102.25, 
-103.38, -103.32, -102.78, -103.3, -102.8, -102.8, -102.65, -103.35, 
-103.2, -102.05, -103.93, -102.33, -102.65, -102.93, -102.08, 
-102.88, -102.4, -103.5, -103.6, -102.33, -102.87, -102.48, -102.13, 
-102.55, -102.65, -102.1, -102.95, -102.95, -102.32, -103.82, 
-102.4, -102.93, -103.28, -103.28, -103.17, -103.62, -103.75, 
-102.48, -102.97, -102.73, -103.43, -103.65, -103.82, -103.77, 
-102.47, -103.32, -103.82, -103.98, -103.6, -103.72, -103.9, 
-103.8, -102.85, -102.53, -102.03, -102.9, -103.47, -103.83, 
-102.9, -103.18, -103.58, -103.47, -102.17, -102.17, -103.42, 
-102.47, -102.33, -102.58, -103.48, -103.45, -103.45, -103.23, 
-103.65, -103.5, -102.55, -103.07, -103.1, -103.28, -103.4, -102.55, 
-102.55, -102.2, -104.02, -103.78, -102.67, -102.32, -103.4, 
-102.43, -102.92, -102.25, -103, -102.9, -102.52, -102.55, -102.4, 
-102.08, -102.3, -102.43, -109.07, -110.27, -111.92, -111.5, 
-111.53, -109.48, -109.55, -111.42, -111.02, -109.08, -109.32, 
-111.83, -111.15, -111.4, -111.78, -111.53, -110.4, -111.58, 
-111.43, -111.95, -111.25, -111.58, -111.6, -111.9, -111.88, 
-111.13, -109.42, -109.87, -110.85, -110.17, -111.82, -110.72, 
-110.8, -111.57, -111.42, -111.02, -109.07, -109.37, -111.28, 
-111.88, -111.32, -111.87, -111.83, -111.65, -111.83, -111.8, 
-111.82, -111.63, -109.87, -111.92, -109.55, -109.33, -110.2, 
-110.5, -111.65, -111.58, -111.73, -110.07, -110.8, -110.05, 
-111.83, -110.25, -111.95, -109.68, -111.75, -111.85, -111.37, 
-111.73, -110.8, -111.67, -111.82, -109.98, -111.87, -111.97, 
-111.8, -111.13, -111.58, -111.5, -111.6, -109.72, -111.72, -111.85, 
-111.72, -111.9, -109.52, -111.4, -111.92, -111.15, -110.92, 
-104.1, -106.98, -111.03, -104.33, -108.83, -104.65, -107.25, 
-106.1, -108.77, -108.05, -110.93, -110.12, -105.27, -106.73, 
-108.52, -110.43, -111.03, -108.2, -106.8, -106.68, -109.18, 
-107.53, -104.32, -106.3, -106.33, -106.13, -104.82, -104.82, 
-110.03, -109.08, -106.38, -109.07, -108.93, -104.2, -109.67, 
-105.92, -108.6, -104.7, -105.12, -108.93, -107.53, -105.4, -105.42, 
-109.63, -104.98, -106.42, -108.37, -106.62, -110.95, -109.42, 
-110.42, -104.57, -108.87, -106.15, -107.48, -105.47, -105.72, 
-105.88, -105.82, -108.63, -109.47, -108.05, -104.37, -108.95, 
-105.18, -105.23, -104.6, -110.77, -104.37, -106.63, -106.77, 
-110.53, -110.02, -104.12, -110.2, -104.17, -110.4, -110.23, 
-104.7, -104.67, -108.73, -105.58, -105.68, -105.37, -106.83, 
-104.35, -105.63, -108.38, -104.48, -106.2, -106.28, -104.93, 
-110.72, -110.58, -104.33, -108.8, -107.47, -104.22, -107.43, 
-106.85, -108.68, -104.48, -104.07, -104.15, -109.87, -108.77, 
-108.75, -107.92, -107.2, -105.68, -104.28, -105.52, -108.38, 
-104.93, -109.22, -109.07, -110.97, -108.18, -106.82, -106.92, 
-106.97, -106.83, -108.12, -108.8, -104.17, -104.35, -108.98, 
-104.38, -107.42, -107.32, -108.2, -104.22, -110.42, -104.62, 
-104.77, -107.98, -105.33, -104.63, -104.95, -107.97, -107.97, 
-110.7, -104.3, -111.67, -111.73, -110.5, -105.3, -104.43, -109.17, 
-108.72, -104.25, -106.07, -110.07, -108.67, -107.8, -111.78, 
36.68, 35.27, 35.87, 36.15, 36.38, 36.63, 35.27, 35.72, 35.82, 
35.55, 36.87, 35.28, 36.42, 36.35, 35.87, 36.92, 35.17, 36.9, 
36.13, 36.98, 35.17, 35.68, 35.02, 35.52, 40.12, 37.43, 40.2, 
