"ozone" <- 
list("x" = matrix(c(10.242095022340401, 3.80376523711237, 9.1089489801407098, 9.6240153629584793,
	-2.4285379949881198, -12.626852374788999, -0.419779101996896, 
	-7.8882416528612103, 3.5462320457034799, -16.901903352180302, 
	-27.203231008545298, -6.1885225895609404, -5.2614031004880699, 
	-12.2147992685346, -25.555018583527101, -15.6657440334172, 
	21.109995699805999, 12.920440212995601, 33.8836419936979, 
	28.114898506133802, -8.8140450595278406, 6.4756249416939999, 
	-12.2040623901154, -18.5689928883614, 6.8907291046230998, 
	-14.971423476309299, -2.0340103983527298, 10.695850598139801, 
	12.287083222701, -4.9397395388560001, 11.4568748968428, 
	20.243246345508801, 35.048628156646302, 28.061041414006699, 
	23.287343540321899, -20.2294095400778, -19.675937322838902, 
	-16.977760263799698, -17.5312324810386, -18.499808861206699)
, nrow = 20, ncol = 2
,  dimnames = list(c("170310032", "170310037", "170310050", "170311002", "170311003", "170311601",
	"170314002", "170314003", "170317002", "170436001", "170890005", 
	"170970001", "170971002", "170973001", "171110001", "171971008", 
	"180891016", "180892008", "181270020", "181270024")
, c("East.West", "North.South")
)
)
, "y" = c(36.490293696315199, 34.639693082155198, 31.644400565722901, 34.4646956838262,
	37.720473966880299, 40.134296542674797, 37.018108691006802, 
	38.400168636513399, 44.048558900294601, 38.487032929030697, 
	42.240228283065697, 40.004923581784702, 42.109048571219503, 
	39.631959635332699, 42.805471262993201, 44.109746518735797, 
	35.118633132720099, 46.898470931915, 42.956423107032499, 
	46.686855598441397)
, "lon.lat" = matrix(c(-87.546000000000006, -87.671000000000006, -87.567999999999998, 
	-87.558000000000007, -87.792000000000002, -87.989999999999995, -87.753,
	-87.897999999999996, -87.676000000000002, -88.072999999999993, 
	-88.272999999999996, -87.864999999999995, -87.846999999999994, 
	-87.981999999999999, -88.241, -88.049000000000007, -87.334999999999994,
	-87.494, -87.087000000000003, -87.198999999999998, 41.756999999999998,
	41.978000000000002, 41.707999999999998, 41.616, 41.984000000000002,
	41.667999999999999, 41.854999999999997, 42.039000000000001, 
	42.061999999999998, 41.813000000000002, 42.049999999999997, 42.177,
	42.390999999999998, 42.289999999999999, 42.220999999999997, 
	41.591999999999999, 41.600000000000001, 41.639000000000003, 41.631,
	41.616999999999997)
, nrow = 20, ncol = 2
,  dimnames = list(c("170310032", "170310037", "170310050", "170311002", "170311003", "170311601",
	"170314002", "170314003", "170317002", "170436001", "170890005", 
	"170970001", "170971002", "170973001", "171110001", "171971008", 
	"180891016", "180892008", "181270020", "181270024")
, c("lat", "lon")
)
)
)

