"precip" <-
structure(list(x = structure(c(-110.53, -109.87, -109.53, -109.55, 
-110.97, -109.23, -109.62, -110.62, -109.17, -110.43, -109.05, 
-110.73, -105.85, -105.53, -108.53, -107.88, -105.88, -107.42, 
-103.1, -109.02, -106.83, -104.6, -105.48, -105.52, -106.68, 
-107.9, -102.18, -105.27, -102.45, -103.88, -106.03, -104.33, 
-106.13, -102.27, -104.45, -104.22, -105.27, -105.52, -104.87, 
-107.93, -106.12, -105.28, -104.85, -102.35, -106.2, -106.77, 
-108.73, -104.7, -108.57, -106.97, -104.02, -106.35, -108.07, 
-104.88, -105, -106.05, -103.88, -108.5, -107.88, -102.77, -104.57, 
-104.55, -104.67, -104.55, -104.58, -104.5, -104.57, -104.57, 
-104.62, -107.8, -105.52, -105.32, -102.07, -106, -103.07, -102.83, 
-103.68, -105.08, -108.05, -104.72, -104.7, -104.03, -105.83, 
-108.73, -105.18, -108.93, -103.5, -105.7, -107.32, -106.47, 
-108.53, -108.58, -105.83, -105.85, -105.53, -104.68, -106.33, 
-104.42, -105.38, -106.93, -107.62, -105.8, -103.15, -105.28, 
-107.25, -107.12, -102.12, -102.3, -106.13, -105.52, -102.28, 
-107.63, -102.93, -105.85, -102.25, -103.52, -105.1, -103.9, 
-104.47, -104.52, -102.78, -107.32, -105.48, -104.98, -105.13, 
-102.62, -103.22, -105, -106.3, -103.02, -104.58, -103.73, -103.68, 
-108.88, -108.2, -105.07, -108.28, -107.55, -108.08, -107.9, 
-108.5, -106.15, -107.88, -107.88, -104.92, -109.03, -108.28, 
-103.75, -102.85, -107.68, -107.02, -108.35, -107.18, -107.58, 
-108.95, -104.65, -106.18, -105.07, -106.53, -108.07, -104.5, 
-104.65, -104.35, -107.1, -108.8, -108.03, -107.78, -103.7, -104.08, 
-104.98, -104.93, -106.02, -107.17, -106.43, -102.52, -107.23, 
-107.67, -106.42, -102.6, -102.7, -102.62, -106.83, -103.2, -102.07, 
-102.58, -106.37, -104.12, -106.62, -107.82, -104.5, -104.33, 
-103.2, -106.32, -102.38, -108.73, -107.58, -102.73, -106.83, 
-106.27, -104.8, -105.2, -105.48, -105.08, -104.18, -104.9, -105.77, 
-106.78, -106.87, -102.22, -106.9, -108.73, -102.73, -100.82, 
-99.55, -99.78, -101.05, -99.2, -101.38, -99.63, -99.52, -99.73, 
-100.35, -101.07, -99.33, -100.12, -101.2, -99.73, -99.97, -100.42, 
-100.88, -101.9, -99.57, -100.17, -100.82, -100.82, -101.7, -100.48, 
-99.3, -99.33, -100.62, -99.83, -99.73, -100.45, -101.35, -100.65, 
-100.48, -99.9, -100.08, -99.4, -99.12, -101.27, -99.1, -100, 
-101.37, -101.37, -100.92, -99.57, -99.53, -99.18, -100.2, -99.57, 
-101.38, -100.33, -100.87, -100.02, -99.03, -99.9, -100.18, -99.93, 
-99.88, -99.85, -100.85, -100.52, -99.57, -99.32, -100.58, -99.3, 
-100.23, -99.92, -100.73, -101.77, -101.95, -101.18, -101.8, 
-101.92, -100.08, -100.9, -100.87, -101.75, -99.27, -100.83, 
-101.77, -101.77, -99.07, -101.35, -100.17, -99.88, -99.83, -99.42, 
-101.25, -103.78, -99.87, -102.87, -99.37, -99.87, -99.13, -100.18, 
-101.68, -99.47, -99.83, -101.53, -99.63, -102.08, -102.95, -99.87, 
-103.1, -99.63, -99.15, -100.17, -99.7, -103.08, -99.25, -102.43, 
-100.83, -100.5, -102.97, -100.02, -102.28, -102.15, -102.2, 
-99.92, -101.52, -100.08, -103.47, -100.17, -101.93, -100.32, 
-99.22, -103.88, -103.88, -100.97, -102.68, -102.7, -101, -99.38, 
-99.38, -101.8, -101.63, -101.62, -99.08, -103.67, -101.67, -101.98, 
-99.77, -102.63, -104.03, -101.55, -99.32, -100.62, -100.22, 
-101.68, -103.68, -100.4, -101.05, -101.33, -99.13, -101.17, 
-99.33, -100.7, -100.75, -99.83, -101.72, -99.5, -102.43, -101.12, 
-101.35, -103.32, -99.3, -99.47, -102.47, -100.73, -103.6, -102.98, 
-103.03, -99.73, -100.52, -100.38, -101.23, -99.38, -101.02, 
-100.97, -100.68, -100.55, -101.17, -101.38, -100.73, -101.47, 
-101.43, -100.12, -104.33, -106.43, -106.62, -106.07, -103.17, 
-108, -106.27, -106.32, -104.1, -106.57, -105.25, -107.97, -103.68, 
-106.45, -104, -105.6, -107.97, -105.38, -106.58, -104.92, -103.15, 
-105.67, -104.18, -108.15, -104.17, -103.83, -107, -105.27, -108.35, 
-106.18, -106.73, -106.08, -108.23, -108.2, -107.67, -108.53, 
-108.4, -108.75, -105.43, -106.97, -106.38, -105.77, -106.22, 
-107.9, -103.62, -103.22, -106.53, -106.68, -107.08, -107.4, 
-104.37, -105.22, -105.15, -107.57, -107.3, -104.58, -108.45, 
-108.83, -105.98, -103.12, -107.62, -108.7, -104.27, -103.2, 
-105.05, -106.03, -107.87, -103.73, -105.68, -106.33, -105.68, 
-108.02, -106.67, -103.28, -104.43, -104.5, -105.4, -106.95, 
-105.47, -104.2, -107.62, -103.35, -106.45, -106.37, -106.38, 
-105.95, -108.57, -108.73, -106.03, -104.6, -105.97, -107.47, 
-105.57, -106.58, -108.77, -107.18, -105.97, -103.6, -103.68, 
-106.07, -104.93, -106.77, -108.78, -99.77, -100.52, -102.5, 
-99.63, -99.28, -99.67, -99.38, -99.87, -99.62, -99.58, -99.12, 
-99.77, -100.05, -101.62, -101.48, -99.38, -99.08, -101.22, -102.97, 
-99.35, -99.5, -99.17, -102.73, -99.92, -99.63, -99.55, -99.28, 
-99.38, -99.4, -99.08, -103.43, -103.65, -103.82, -99.98, -103.32, 
-103.82, -101.02, -103.77, -99.33, -103.6, -103.72, -103.9, -103.8, 
-101.52, -102.53, -102.9, -103.47, -100.45, -99.43, -99.43, -101.27, 
-100.93, -101.12, -102.9, -103.18, -99.47, -99.45, -101.87, -103.58, 
-100.87, -103.47, -101.95, -101.52, -102.17, -103.77, -101.5, 
-102.47, -102.33, -101.73, -101.15, -101.65, -100.6, -103.48, 
-103.45, -100.42, -103.23, -100.07, -103.65, -103.5, -101.6, 
-100.28, -102.55, -99.18, -103.1, -103.2, -102.55, -102.55, -104.02, 
-103.78, -99.45, -102.67, -103.4, -102.43, -100.67, -99.78, -99.87, 
-100.48, -101.7, -100.5, -101.45, -103, -100.82, -102.9, -100.37, 
-101.37, -102.52, -102.55, -100.32, -101.97, -100.13, -101.4, 
-102.4, -100.02, -101.32, -100.28, -100.6, -100.63, -100.43, 
-101.47, -100.6, -100.95, -101.38, -100.8, -100.97, -101.2, -102.07, 
-101.82, -102.3, -102.43, -109.07, -110.27, -109.47, -109.55, 
-109.12, -109.08, -109.32, -109.3, -110.42, -109.42, -109.87, 
-110.85, -110.15, -110.7, -110.8, -109.07, -109.37, -109.73, 
-109.87, -109.55, -109.33, -110.2, -110.5, -110.07, -110.8, -110.05, 
-109.68, -110.8, -109.98, -109.72, -109.52, -110.92, -106.98, 
-104.33, -108.83, -104.65, -107.25, -106.1, -108.77, -106.32, 
-110.93, -110.12, -105.27, -108.52, -110.43, -108.2, -106.8, 
-106.68, -106.92, -109.18, -107.53, -104.32, -106.3, -106.33, 
-106.13, -104.82, -104.82, -109.08, -106.38, -109.07, -104.17, 
-109.67, -105.92, -108.6, -105.12, -107.53, -105.4, -105.42, 
-109.62, -104.98, -106.42, -108.37, -106.62, -110.95, -109.42, 
-110.07, -110.42, -104.57, -108.87, -107.48, -105.47, -105.72, 
-105.88, -105.82, -108.63, -109.47, -108.05, -104.77, -104.37, 
-108.95, -105.18, -105.23, -104.6, -110.77, -104.37, -106.63, 
-106.77, -110.53, -110.02, -104.12, -110.2, -104.17, -110.23, 
-104.7, -104.67, -108.73, -105.58, -105.68, -105.37, -106.83, 
-106.02, -104.35, -107.62, -108.38, -104.43, -106.2, -106.28, 
-104.93, -110.72, -110.58, -104.33, -108.8, -107.47, -104.2, 
-107.43, -106.83, -108.68, -104.48, -104.07, -109.85, -108.77, 
-107.92, -107.2, -105.68, -104.28, -105.52, -108.38, -104.93, 
-109.22, -109.07, -110.97, -108.18, -106.8, -107.8, -106.97, 
-106.87, -108.12, -108.8, -104.17, -105.08, -104.35, -108.98, 
-104.38, -107.42, -107.32, -108.2, -108.67, -104.22, -110.42, 
-104.62, -104.77, -107.98, -105.33, -104.63, -104.92, -107.97, 
-107.97, -110.7, -104.3, 36.68, 36.13, 36.15, 35.72, 35.28, 36.42, 
36.35, 35.87, 35.17, 35.5, 35.68, 35.02, 37.43, 40.2, 39.58, 
37.87, 39, 37.02, 38.98, 40.25, 39.18, 39.02, 39.4, 37.43, 39.88, 
39.1, 39.62, 40.02, 38.45, 37.02, 39.48, 40.65, 38.83, 39.3, 
38.03, 39.7, 38.43, 40, 39.37, 38.9, 37.75, 39.22, 39.65, 38.82, 
39.38, 38.43, 39.1, 38.82, 37.35, 38.87, 37.63, 37.67, 38.75, 
39.77, 39.75, 39.6, 37.38, 37.47, 37.28, 38.48, 39.08, 39.08, 
39.03, 39.22, 39.23, 39.2, 39.17, 39.13, 39.13, 37.55, 40.38, 
39.63, 37.03, 39.23, 39.28, 40.67, 38.55, 40.58, 37.23, 40.08, 
38.68, 38.13, 39.95, 39.15, 37.77, 38.7, 39.28, 39.7, 39.52, 
40.15, 39.12, 39.07, 40.27, 40.25, 37.72, 40.42, 39.88, 40.87, 
38.68, 38.53, 40.37, 39.03, 38.45, 39.93, 40.48, 37.75, 38.05, 
40.58, 40.05, 39.75, 39.7, 37.13, 38.07, 39.77, 41, 38.8, 39.5, 
40.85, 39.28, 39.3, 38.77, 38.05, 38.92, 38.82, 39.75, 38.07, 
